22 1691.731 1007
5 0 27 69 30 51 50 0 0.000 37.000 54.280 77.622 96.842 124.000 150.971 66
4 0 36 47 19 10 0 0.000 41.400 58.611 76.673 124.000 159.495 65
6 0 28 29 78 34 35 77 0 0.000 39.000 72.537 96.000 117.000 143.000 179.000 208.698 64
5 0 5 61 85 37 93 0 0.000 34.000 76.000 91.000 134.000 188.000 218.248 110
6 0 92 98 16 86 91 100 0 0.000 18.385 58.000 77.055 94.000 160.000 185.000 219.042 84
3 0 31 88 7 0 0.000 50.000 74.000 90.325 121.538 41
4 0 33 81 3 68 0 0.000 37.000 94.000 116.000 142.000 173.378 86
5 0 14 44 38 43 13 0 0.000 32.016 69.000 89.817 132.000 165.087 186.267 84
4 0 95 87 57 97 0 0.000 39.000 93.000 110.211 133.000 160.205 65
6 0 39 23 67 55 24 80 0 0.000 44.000 68.000 90.000 136.000 158.166 182.000 213.095 96
2 0 52 6 0 0.000 52.000 99.000 120.180 12
6 0 62 11 90 20 32 70 0 0.000 58.000 76.062 97.242 126.000 146.770 182.000 213.095 71
4 0 12 76 79 54 0 0.000 63.000 80.071 100.071 140.000 172.804 73
5 0 72 75 22 74 58 0 0.000 35.000 69.000 97.000 149.000 200.000 219.055 87
4 0 59 99 94 96 0 0.000 18.000 83.000 100.000 135.000 160.264 75
4 0 2 21 73 26 0 0.000 50.000 70.440 83.602 132.000 153.180 44
6 0 45 83 18 84 60 89 0 0.000 32.000 50.062 87.000 109.728 162.000 181.055 200.055 64
6 0 42 15 41 56 4 25 0 0.000 31.000 61.000 97.000 130.000 149.000 172.000 215.541 49
2 0 40 53 0 0.000 85.000 101.708 116.180 23
5 0 65 71 9 66 1 0 0.000 51.000 77.000 97.000 127.000 162.298 187.530 86
4 0 63 64 49 48 0 0.000 34.928 73.000 108.000 165.000 202.803 85
4 0 82 8 46 17 0 0.000 55.000 95.000 117.000 157.000 197.414 28
