19 1838.507 616
5 0 65 52 57 86 74 0 0.000 11.180 52.000 96.000 115.055 141.000 187.056 78
6 0 69 98 88 53 78 60 0 0.000 41.000 56.000 72.325 91.269 114.685 155.000 191.926 104
7 0 83 21 23 19 18 48 24 0 0.000 35.000 71.173 83.173 99.576 114.961 151.000 171.770 216.827 134
4 0 72 71 94 80 0 0.000 30.000 65.000 95.000 192.000 209.616 58
4 0 2 6 7 55 0 0.000 50.000 95.000 108.000 140.000 164.142 86
6 0 92 33 28 30 32 89 0 0.000 14.765 61.480 80.082 94.082 131.000 173.016 235.495 79
8 0 73 79 8 46 4 1 100 70 0 0.000 77.000 95.944 120.944 133.944 145.944 163.015 191.989 206.461 236.108 141
1 0 90 0 0.000 86.000 100.243 6
7 0 82 11 15 16 9 13 17 0 0.000 42.000 71.235 87.235 99.235 120.415 142.000 163.180 213.491 139
4 0 45 5 3 68 0 0.000 37.736 50.736 109.000 149.806 169.806 61
6 0 63 76 49 22 20 66 0 0.000 39.051 75.000 104.000 117.606 129.606 161.629 184.667 113
4 0 99 87 97 58 0 0.000 77.000 104.804 124.804 152.000 209.170 83
8 0 39 36 44 38 40 43 37 35 0 0.000 37.000 54.071 74.511 91.791 107.176 128.000 148.440 162.046 216.250 170
6 0 42 61 81 41 54 96 0 0.000 33.541 66.000 86.000 115.235 140.532 156.532 182.056 91
4 0 47 14 12 10 0 0.000 45.000 58.000 71.000 119.000 160.623 70
6 0 31 29 27 26 34 93 0 0.000 61.000 73.000 88.000 115.000 136.180 178.000 209.095 113
5 0 95 62 67 50 91 0 0.000 34.000 53.220 70.291 116.000 167.000 189.042 61
5 0 64 51 85 84 56 0 0.000 53.000 83.000 101.544 120.029 139.249 167.277 75
4 0 59 75 77 25 0 0.000 42.426 74.000 150.000 172.166 227.443 62
