14 1227.506 1046
6 0 39 23 41 26 4 25 0 0.000 44.000 68.000 97.000 132.000 156.142 176.142 219.683 107
2 0 50 1 0 0.000 124.000 161.000 186.232 23
5 0 2 21 40 3 24 0 0.000 50.000 70.440 87.511 122.511 153.000 193.000 43
5 0 42 15 22 43 13 0 0.000 31.000 61.000 97.000 132.000 165.087 186.267 61
4 0 27 31 10 32 0 0.000 37.000 59.649 124.000 144.296 188.296 82
4 0 7 8 46 48 0 0.000 81.000 103.207 122.641 165.000 202.803 51
5 0 45 47 19 49 17 0 0.000 32.000 60.111 78.173 108.000 157.000 197.414 92
5 0 28 12 9 34 35 0 0.000 39.000 63.000 98.495 119.675 143.000 194.037 73
3 0 33 30 20 0 0.000 37.000 71.000 126.000 167.623 41
3 0 36 11 37 0 0.000 41.400 70.082 134.000 165.213 25
1 0 29 0 0.000 63.000 102.833 9
3 0 5 16 6 0 0.000 34.000 75.000 103.028 124.208 48
3 0 14 44 38 0 0.000 32.016 69.000 89.817 142.243 54
1 0 18 0 0.000 87.000 112.811 12
