12 1933.404 2856
8 0 90 66 56 91 80 93 70 100 0 0.000 359.000 566.000 585.220 719.000 822.000 846.866 887.930 902.402 931.637 96
6 0 48 24 89 25 77 58 0 0.000 732.000 752.770 793.446 835.446 857.612 878.242 935.412 92
10 0 61 81 94 96 54 68 55 60 17 13 0 0.000 258.000 355.000 392.000 562.000 601.000 626.000 646.000 694.000 725.213 746.393 794.472 168
12 0 36 39 42 44 41 38 40 43 37 35 1 4 0 0.000 43.012 64.000 79.000 217.000 376.000 392.403 407.788 574.000 594.440 657.000 709.000 726.071 772.127 260
10 0 92 95 64 83 31 29 30 32 26 74 0 0.000 14.765 100.000 191.000 209.062 270.219 282.219 297.604 621.000 639.000 724.664 770.720 139
8 0 12 11 15 16 9 10 97 20 0 0.000 223.000 238.000 254.000 266.000 371.000 519.000 551.804 599.922 644.979 195
11 0 65 82 52 99 57 86 87 22 49 50 34 0 0.000 11.180 152.000 175.153 308.000 397.000 416.055 435.055 474.466 488.072 535.874 558.874 616.308 217
10 0 69 98 88 53 78 79 8 46 6 3 0 0.000 157.000 172.000 260.000 375.000 398.416 420.582 445.582 489.000 504.000 524.770 574.127 167
8 0 45 5 2 7 73 51 85 84 0 0.000 37.736 73.000 152.000 300.000 329.849 406.249 424.793 443.278 480.297 124
9 0 14 47 59 75 23 21 19 18 76 0 0.000 35.355 105.000 141.249 232.000 275.000 287.000 302.385 335.000 362.464 415.406 186
4 0 72 71 67 62 0 0.000 60.000 241.000 268.000 285.071 324.226 34
4 0 63 33 28 27 0 0.000 39.051 80.000 149.000 164.831 231.840 46
