22 2304.949 4136
1 0 80 0 0.000 192.000 209.616 13
4 0 68 55 100 70 0 0.000 144.000 164.000 181.071 195.543 225.190 63
5 0 90 66 56 91 93 0 0.000 86.000 133.000 152.220 169.291 194.911 226.006 57
8 0 65 83 64 51 85 84 20 24 0 0.000 11.180 35.000 53.062 83.000 101.544 120.029 150.547 164.547 209.604 106
6 0 69 98 88 53 78 60 0 0.000 41.000 56.000 72.325 91.269 114.685 155.000 191.926 104
5 0 75 87 97 77 58 0 0.000 74.000 104.248 124.248 158.455 179.085 236.255 91
7 0 95 62 67 71 94 96 54 0 0.000 34.000 53.220 70.291 93.329 113.959 132.000 148.000 176.028 97
5 0 61 81 41 43 35 0 0.000 66.000 86.000 115.235 135.675 157.675 211.879 79
6 0 92 72 44 38 40 37 0 0.000 14.765 48.931 77.719 94.999 110.384 126.215 176.823 102
6 0 73 79 8 46 4 1 0 0.000 77.000 95.944 120.944 133.944 145.944 163.015 211.094 115
6 0 52 99 57 86 74 25 0 0.000 52.000 77.000 97.770 116.825 141.000 172.213 227.490 97
6 0 82 11 12 10 13 17 0 0.000 42.000 71.235 86.235 119.000 142.000 163.180 213.491 129
3 0 45 5 3 0 0.000 37.736 50.736 109.000 158.357 40
5 0 63 76 49 22 89 0 0.000 39.051 75.000 104.000 117.606 156.398 218.877 112
2 0 9 48 0 0.000 91.000 151.000 206.044 30
4 0 36 39 26 32 0 0.000 43.012 60.083 131.116 149.116 210.194 90
4 0 42 2 6 7 0 0.000 33.541 76.918 95.000 108.000 153.355 80
4 0 47 14 15 16 0 0.000 45.000 58.000 73.831 85.831 137.062 60
4 0 33 28 27 50 0 0.000 51.478 70.080 85.911 118.911 164.252 70
4 0 31 29 30 34 0 0.000 61.000 73.000 88.385 111.000 168.434 70
4 0 21 23 19 18 0 0.000 67.000 79.000 95.403 110.788 165.965 100
1 0 59 0 0.000 42.426 94.852 19
