11 1164.855 844
5 0 42 44 43 37 35 0 0.000 33.541 64.000 128.000 148.440 162.046 216.250 70
7 0 47 14 11 12 10 13 17 0 0.000 45.000 58.000 73.831 88.831 119.000 142.000 163.180 213.491 140
5 0 6 7 46 4 1 0 0.000 95.000 108.000 123.831 141.000 158.071 206.150 110
5 0 15 16 9 25 48 0 0.000 58.000 72.000 93.180 154.000 171.000 226.044 90
3 0 2 8 3 0 0.000 50.000 91.000 109.602 158.959 50
6 0 23 21 18 49 22 24 0 0.000 65.000 77.000 91.000 108.280 121.886 148.000 193.057 120
5 0 31 29 27 26 32 0 0.000 61.000 73.000 88.000 115.000 133.000 194.078 90
5 0 33 30 28 34 50 0 0.000 51.478 74.000 88.000 111.000 134.000 179.341 90
2 0 19 20 0 0.000 72.000 122.000 167.057 50
3 0 5 45 40 0 0.000 41.000 54.000 104.112 154.423 60
4 0 36 39 38 41 0 0.000 43.012 60.083 75.000 92.000 132.806 100
