12 1720.462 3437
16 0 27 69 31 88 7 18 8 84 85 91 100 93 58 89 48 70 0 0.000 104.000 162.000 179.810 279.000 331.000 377.000 404.000 436.000 456.296 739.000 798.000 814.000 849.000 872.454 903.855 938.186 969.281 246
9 0 28 12 76 50 1 68 80 77 25 0 0.000 114.000 228.000 290.000 547.000 707.000 735.028 839.000 855.708 891.650 935.191 133
10 0 53 40 26 54 55 4 74 13 60 17 0 0.000 414.000 430.708 588.000 641.000 659.485 678.029 699.431 729.431 755.242 777.891 818.305 115
15 0 95 59 92 98 44 16 61 99 96 97 37 43 32 35 24 0 0.000 92.000 106.000 118.236 183.000 233.000 272.000 290.000 333.000 607.000 623.708 638.807 666.070 743.152 781.436 821.503 861.503 191
10 0 52 62 19 11 64 49 46 10 20 66 0 0.000 174.000 199.297 269.000 286.071 309.071 501.000 531.396 577.000 602.811 621.755 672.252 147
11 0 2 42 14 15 23 67 75 22 57 41 56 0 0.000 143.000 165.083 184.303 210.114 245.114 294.000 322.974 409.000 432.153 453.333 585.000 624.206 148
9 0 39 72 73 21 6 94 78 34 3 0 0.000 33.971 57.572 308.000 321.162 415.000 436.000 489.012 529.000 553.142 585.503 136
5 0 33 81 9 51 90 0 0.000 45.000 411.000 427.000 443.325 473.450 515.699 66
8 0 5 83 82 47 36 38 86 87 0 0.000 34.000 96.000 162.000 183.402 200.613 302.000 388.000 422.000 450.385 162
2 0 29 79 0 0.000 190.000 388.000 423.554 32
4 0 63 65 71 30 0 0.000 34.928 80.831 268.000 296.788 332.283 66
1 0 45 0 0.000 29.155 68.310 16
