19 1798.091 750034
5 0 65 52 57 86 74 0 0.000 11.180 52.000 96.000 115.055 141.000 187.056 78
6 0 14 47 15 16 17 13 0 0.000 35.355 48.355 63.355 75.355 149.000 170.180 218.259 90
7 0 83 23 21 19 18 48 24 0 0.000 35.000 71.019 83.019 98.404 113.789 151.000 171.770 216.827 134
5 0 42 44 43 37 35 0 0.000 33.541 64.000 128.000 148.440 162.046 216.250 70
6 0 69 98 88 53 78 60 0 0.000 41.000 56.000 72.325 91.269 114.685 155.000 191.926 104
6 0 92 33 28 30 32 89 0 0.000 14.765 61.480 80.082 94.082 131.000 173.016 235.495 79
6 0 73 79 8 46 4 100 0 0.000 77.000 95.944 120.944 133.944 145.944 180.000 209.235 98
5 0 2 6 7 55 68 0 0.000 50.000 95.000 108.000 140.000 160.000 180.000 107
5 0 82 12 11 9 10 0 0.000 42.000 71.105 86.105 101.490 119.000 160.623 119
5 0 45 5 3 1 70 0 0.000 37.736 50.736 109.000 145.000 180.000 209.647 83
6 0 63 76 49 22 20 66 0 0.000 39.051 75.000 104.000 117.606 129.606 161.629 184.667 113
2 0 71 94 0 0.000 65.000 95.000 122.117 37
8 0 72 39 36 40 38 41 54 96 0 0.000 30.000 55.297 72.368 87.368 102.753 119.156 144.453 160.453 185.977 180
3 0 61 81 90 0 0.000 66.000 86.000 112.279 126.522 25
4 0 99 87 97 58 0 0.000 77.000 104.804 124.804 152.000 209.170 83
6 0 31 29 27 26 34 93 0 0.000 61.000 73.000 88.000 115.000 136.180 178.000 209.095 113
5 0 95 62 67 50 80 0 0.000 34.000 53.220 70.291 116.000 192.000 209.616 61
6 0 64 51 85 84 56 91 0 0.000 53.000 83.000 101.544 120.029 139.249 167.000 189.042 88
4 0 59 75 77 25 0 0.000 42.426 74.000 150.000 172.166 227.443 62
