12 1051.999 200062
5 0 39 23 22 4 25 0 0.000 44.000 68.000 97.000 149.000 172.000 215.541 103
5 0 2 21 40 50 1 0 0.000 50.000 70.440 87.511 124.000 161.000 186.232 50
4 0 42 15 41 26 0 0.000 31.000 61.000 97.000 132.000 153.180 35
5 0 27 7 8 46 17 0 0.000 37.000 81.000 103.207 122.641 157.000 197.414 33
5 0 45 47 19 49 48 0 0.000 32.000 60.111 78.173 108.000 165.000 202.803 126
4 0 28 12 3 24 0 0.000 39.000 63.000 116.000 153.000 193.000 51
2 0 18 6 0 0.000 87.000 108.180 129.360 15
5 0 33 29 9 34 35 0 0.000 37.000 63.000 97.000 118.180 143.000 194.037 58
4 0 31 30 20 32 0 0.000 50.000 72.042 126.000 146.770 190.770 80
3 0 5 16 37 0 0.000 34.000 75.000 134.000 165.213 53
5 0 14 44 38 43 13 0 0.000 32.016 69.000 89.817 132.000 165.087 186.267 84
3 0 36 11 10 0 0.000 41.400 70.082 124.000 159.495 33
