9 1247.722 1999497
10 0 28 12 29 79 78 34 20 66 35 1 0 0.000 114.000 228.000 253.652 388.000 403.657 529.000 581.000 599.944 686.000 723.203 748.435 136
11 0 2 42 15 23 67 75 22 41 56 74 58 0 0.000 143.000 165.083 184.303 219.303 294.000 322.974 409.000 423.243 585.000 681.000 849.000 868.055 147
10 0 33 65 71 9 81 51 90 10 32 70 0 0.000 45.000 81.571 268.000 400.000 416.000 433.211 463.336 577.000 660.000 788.000 819.095 145
14 0 52 31 88 7 18 8 84 85 91 100 93 17 60 89 0 0.000 174.000 193.849 279.000 331.000 377.000 404.000 436.000 456.296 739.000 798.000 814.000 838.318 860.967 880.022 899.022 179
13 0 39 72 73 21 40 53 26 54 4 55 25 24 80 0 0.000 33.971 57.572 308.000 321.162 360.000 414.000 588.000 641.000 678.000 696.544 817.000 842.000 861.220 892.315 170
16 0 95 59 92 98 14 38 44 16 61 86 87 57 43 37 97 13 0 0.000 92.000 106.000 118.236 183.000 204.705 302.000 322.817 338.900 353.372 388.000 422.000 439.211 620.000 647.263 662.362 690.000 711.180 264
8 0 27 69 30 76 50 3 68 77 0 0.000 104.000 162.000 259.000 290.000 547.000 565.246 637.000 817.000 846.698 132
8 0 62 63 11 19 64 49 46 48 0 0.000 163.000 184.402 206.000 269.000 296.000 501.000 531.396 773.000 810.803 134
10 0 45 36 47 82 83 5 99 94 6 96 0 0.000 29.155 61.516 85.000 162.000 182.050 199.121 333.000 436.000 449.162 607.000 632.264 151
