10 973.791 200010
5 0 42 44 43 37 35 0 0.000 33.541 64.000 128.000 148.440 162.046 216.250 70
4 0 12 11 9 10 0 0.000 64.000 79.000 94.385 119.000 160.623 110
6 0 14 47 15 16 17 13 0 0.000 35.355 48.355 63.355 75.355 149.000 170.180 218.259 90
3 0 2 6 7 0 0.000 50.000 95.000 108.000 153.355 70
5 0 23 21 18 48 25 0 0.000 65.000 77.000 91.000 151.000 168.000 223.277 90
5 0 27 29 31 34 50 0 0.000 62.000 77.000 89.000 111.000 134.000 179.341 110
5 0 33 30 28 26 32 0 0.000 51.478 74.000 88.000 115.000 133.000 194.078 70
5 0 19 49 22 20 24 0 0.000 72.000 104.000 117.606 129.606 148.000 193.057 110
7 0 45 5 8 46 3 1 4 0 0.000 37.736 50.736 91.000 113.000 129.403 145.000 162.071 208.127 120
5 0 39 36 40 38 41 0 0.000 37.000 54.071 85.000 100.385 116.788 157.594 130
