22 1998.195 268
3 0 22 21 47 0 0.000 812.000 914.000 1054.000 1162.028 50
5 0 24 29 28 23 75 0 0.000 65.000 358.000 546.000 732.000 997.000 1102.811 70
4 0 26 34 52 49 0 0.000 622.000 751.000 912.000 1005.000 1114.209 50
5 0 25 11 9 4 1 0 0.000 169.000 448.000 541.162 727.000 912.000 1020.682 80
1 0 69 0 0.000 916.000 1021.811 10
5 0 20 41 44 48 50 0 0.000 10.000 166.000 359.000 632.000 815.000 927.804 50
4 0 67 64 68 66 0 0.000 12.207 632.000 734.000 829.385 935.938 40
6 0 43 42 40 45 51 2 0 0.000 16.553 109.553 264.000 541.000 725.000 859.721 970.337 90
5 0 63 74 61 59 80 0 0.000 171.000 353.000 531.000 651.000 789.052 930.530 130
5 0 65 62 72 89 91 0 0.000 76.000 262.000 450.000 737.000 836.000 948.361 60
5 0 5 3 7 6 99 0 0.000 15.133 106.133 198.133 621.000 743.000 866.541 70
3 0 10 30 36 0 0.000 357.000 465.601 665.000 790.355 30
4 0 27 46 60 79 0 0.000 261.000 448.000 565.459 713.156 854.234 70
4 0 86 84 85 88 0 0.000 173.000 458.000 555.000 648.000 764.926 90
4 0 90 87 82 77 0 0.000 20.616 115.616 369.000 574.000 716.000 60
8 0 13 17 18 19 15 16 14 12 0 0.000 30.806 124.806 217.806 312.806 407.806 502.806 594.806 687.806 815.885 190
2 0 8 100 0 0.000 255.000 647.000 775.079 40
6 0 98 96 95 94 93 97 0 0.000 30.806 126.191 218.191 311.797 475.000 570.000 700.311 140
3 0 83 92 73 0 0.000 265.000 385.414 535.829 681.543 40
7 0 32 33 31 35 37 38 39 0 0.000 31.623 123.623 219.008 314.008 409.839 501.839 596.839 727.150 170
6 0 57 55 54 53 56 58 0 0.000 35.000 127.000 222.000 317.385 411.385 503.385 638.429 170
5 0 81 78 76 71 70 0 0.000 47.434 140.434 232.434 327.434 422.434 570.957 110
