23 1735.793 2007
3 0 27 69 50 0 0.000 37.000 54.280 124.000 150.971 35
3 0 36 47 19 0 0.000 41.400 58.611 76.673 118.689 49
6 0 30 51 9 20 32 70 0 0.000 71.000 90.220 106.545 127.725 148.495 182.000 213.095 84
6 0 28 29 78 34 35 77 0 0.000 39.000 72.537 96.000 117.000 143.000 179.000 208.698 64
5 0 5 61 85 91 100 0 0.000 34.000 76.000 91.000 160.000 185.000 219.042 98
4 0 92 98 87 97 0 0.000 18.385 58.000 93.000 133.000 160.205 50
5 0 2 21 73 41 58 0 0.000 50.000 70.440 83.602 103.800 200.000 219.055 50
3 0 31 88 7 0 0.000 50.000 74.000 90.325 121.538 41
4 0 33 81 3 68 0 0.000 37.000 94.000 116.000 142.000 173.378 86
5 0 14 44 38 43 13 0 0.000 32.016 69.000 89.817 132.000 165.087 186.267 84
3 0 95 94 96 0 0.000 39.000 100.000 135.000 160.264 58
6 0 39 23 67 55 4 25 0 0.000 44.000 68.000 90.000 136.000 154.544 174.544 218.085 112
5 0 52 18 84 60 89 0 0.000 52.000 87.000 109.728 162.000 181.055 200.055 46
4 0 62 11 90 10 0 0.000 58.000 76.062 97.242 124.000 159.495 50
6 0 12 76 79 54 24 80 0 0.000 63.000 80.071 100.071 140.000 160.000 182.000 213.095 82
5 0 72 75 22 56 74 0 0.000 35.000 69.000 97.000 130.000 149.000 183.597 75
3 0 59 99 6 0 0.000 18.000 83.000 99.403 120.583 40
5 0 45 83 16 86 17 0 0.000 32.000 50.062 77.526 94.000 157.000 197.414 83
5 0 42 15 57 37 93 0 0.000 31.000 61.000 101.000 134.000 188.000 218.248 50
3 0 40 53 26 0 0.000 85.000 101.708 132.000 153.180 40
4 0 65 71 66 1 0 0.000 51.000 77.000 127.000 162.298 187.530 70
4 0 63 64 49 48 0 0.000 34.928 73.000 108.000 165.000 202.803 85
3 0 82 8 46 0 0.000 55.000 95.000 117.000 162.468 26
