15 2468.243 2
6 0 90 80 91 93 70 100 0 0.000 359.000 822.000 837.385 863.005 904.069 918.541 947.776 61
10 0 69 98 53 60 55 4 1 58 77 25 0 0.000 157.000 172.000 375.000 694.000 719.000 751.361 768.432 854.096 874.726 896.892 952.169 181
7 0 68 54 96 66 24 48 89 0 0.000 612.000 637.000 653.000 685.023 717.227 737.997 772.997 835.476 124
8 0 65 82 99 57 86 74 13 17 0 0.000 11.180 152.000 308.000 397.000 416.055 645.000 676.213 703.000 753.311 129
6 0 81 61 41 37 35 43 0 0.000 355.000 373.062 399.463 557.000 657.000 679.000 727.079 89
6 0 92 94 56 20 97 32 0 0.000 14.765 392.000 557.000 588.541 636.659 730.522 791.600 111
8 0 88 78 73 79 6 46 3 10 0 0.000 260.000 365.000 382.211 401.155 425.047 489.000 505.403 561.976 603.599 151
10 0 83 64 84 85 51 49 22 50 34 26 0 0.000 105.000 191.000 395.000 413.485 432.029 457.293 470.899 518.635 541.635 562.815 631.338 210
9 0 95 62 67 71 38 40 8 7 9 0 0.000 100.000 167.000 268.000 291.038 326.217 341.602 396.879 411.879 462.190 505.731 142
3 0 52 87 18 0 0.000 175.000 359.000 406.216 461.393 36
7 0 72 39 42 44 2 12 16 0 0.000 60.000 85.297 100.297 217.000 260.734 303.840 323.274 374.505 108
7 0 11 15 75 23 21 19 76 0 0.000 195.000 211.000 256.128 299.128 311.128 326.513 354.624 407.566 187
6 0 14 47 59 30 28 29 0 0.000 35.355 105.000 141.249 246.000 260.000 275.385 337.587 69
5 0 45 5 36 31 27 0 0.000 37.736 73.000 128.000 193.036 210.036 277.045 110
2 0 63 33 0 0.000 39.051 80.000 141.478 16
