15 1984.957 2
6 0 53 58 89 93 100 70 0 0.000 414.000 849.000 872.454 896.055 912.055 964.540 995.635 91
7 0 27 28 26 54 80 77 25 0 0.000 104.000 120.708 588.000 641.000 839.000 855.708 891.650 935.191 93
10 0 6 94 96 97 37 91 17 60 13 48 0 0.000 415.000 436.000 607.000 623.708 638.807 739.000 763.866 786.515 812.326 854.232 892.035 126
7 0 40 73 74 4 55 24 1 0 0.000 360.000 378.944 681.000 702.402 720.946 743.112 780.897 806.129 60
10 0 52 18 7 8 46 10 32 66 35 68 0 0.000 174.000 377.000 397.000 419.207 515.000 577.000 660.000 684.560 710.685 747.611 778.989 144
11 0 69 31 88 62 11 19 49 20 50 56 43 0 0.000 162.000 179.810 279.000 295.325 313.387 330.458 501.000 581.000 609.111 654.622 695.943 740.119 155
10 0 95 92 59 99 85 84 86 57 3 34 0 0.000 92.000 105.606 117.842 333.000 376.000 436.000 460.765 499.401 549.625 573.767 619.823 176
8 0 12 76 79 78 81 9 51 90 0 0.000 228.000 290.000 388.000 403.657 419.982 435.982 452.307 482.432 524.681 113
4 0 2 87 41 22 0 0.000 143.000 420.000 447.804 462.047 498.973 56
6 0 21 75 23 67 61 38 0 0.000 214.000 236.000 254.485 294.000 362.189 392.437 444.863 112
9 0 5 83 45 82 47 36 64 30 71 0 0.000 34.000 96.000 114.062 162.000 183.402 200.613 232.014 272.246 301.034 350.695 146
3 0 98 16 44 0 0.000 183.000 272.000 288.083 329.973 47
4 0 72 39 29 15 0 0.000 31.000 54.601 190.000 250.249 290.663 73
4 0 33 65 63 14 0 0.000 45.000 81.571 127.474 197.682 239.698 61
1 0 42 0 0.000 25.495 60.990 5
