12 811.437 1
3 0 20 21 47 0 0.000 10.000 914.000 1054.000 1162.028 40
2 0 22 49 0 0.000 812.000 1001.000 1110.209 30
2 0 23 1 0 0.000 732.000 912.000 1020.682 20
7 0 24 25 27 28 26 34 50 0 0.000 65.000 169.000 261.000 546.000 638.000 751.000 863.204 976.008 120
4 0 5 3 4 2 0 0.000 15.133 106.133 727.000 825.000 935.616 60
4 0 7 8 9 6 0 0.000 170.000 262.828 534.000 626.236 735.236 70
7 0 43 42 41 40 44 45 48 0 0.000 16.553 109.553 201.553 293.553 386.553 541.000 633.000 746.324 80
3 0 10 11 12 0 0.000 357.000 450.000 652.000 780.079 40
3 0 29 30 36 0 0.000 358.000 453.000 665.000 790.355 30
2 0 46 39 0 0.000 448.000 570.696 701.007 50
7 0 13 17 18 19 15 16 14 0 0.000 30.806 124.806 217.806 312.806 407.806 502.806 594.806 724.163 170
6 0 32 33 31 35 37 38 0 0.000 31.623 123.623 219.008 314.008 409.839 501.839 633.070 150
