10 612.197 0
4 0 20 22 24 21 0 0.000 10.000 102.828 196.434 2983.000 3084.662 60
1 0 8 0 0.000 2887.000 2988.662 20
7 0 5 2 1 7 3 4 10 0 0.000 25.000 213.000 311.602 1073.000 1167.123 1261.000 2791.000 2897.763 100
1 0 11 0 0.000 2698.000 2807.647 10
1 0 9 0 0.000 2601.000 2714.324 10
1 0 25 0 0.000 2504.000 2618.083 40
5 0 6 23 18 17 13 0 0.000 497.000 1643.000 1742.055 2311.000 2405.000 2525.806 100
1 0 15 0 0.000 2216.000 2342.056 40
1 0 12 0 0.000 2119.000 2247.079 20
3 0 19 16 14 0 0.000 1837.000 1934.071 2026.071 2155.428 60
