21 1487.449 1
2 0 27 1 0 0.000 37.000 161.000 186.232 26
4 0 28 26 4 25 0 0.000 39.000 132.000 156.142 176.142 219.683 58
2 0 6 13 0 0.000 99.000 159.000 180.180 26
3 0 40 37 17 0 0.000 85.000 134.000 162.028 202.442 19
3 0 12 3 24 0 0.000 63.000 116.000 153.000 193.000 35
2 0 18 48 0 0.000 87.000 165.000 202.803 48
1 0 50 0 0.000 124.000 150.971 13
3 0 31 10 32 0 0.000 50.000 124.000 144.296 188.296 66
4 0 2 21 22 43 0 0.000 50.000 70.440 97.000 132.000 176.176 43
3 0 5 16 46 0 0.000 34.000 75.000 117.000 162.468 46
2 0 7 8 0 0.000 81.000 103.207 139.456 14
3 0 33 9 35 0 0.000 37.000 97.000 143.000 194.037 35
2 0 30 20 0 0.000 71.000 126.000 167.623 30
3 0 42 15 41 0 0.000 31.000 61.000 97.000 135.862 18
4 0 45 47 19 49 0 0.000 32.000 60.111 78.173 108.000 161.932 90
2 0 29 34 0 0.000 63.000 117.000 163.056 23
2 0 44 38 0 0.000 69.000 89.817 142.243 34
1 0 14 0 0.000 32.016 74.032 20
1 0 11 0 0.000 67.000 110.541 12
2 0 39 23 0 0.000 44.000 68.000 114.056 60
1 0 36 0 0.000 41.400 92.800 5
